 ph              0.0   1.0   2.0   3.0   4.0   5.0   6.0   7.0   8.0   9.0  10.0  11.0  12.0  13.0  14.0
NTR01A0001_001 0.000 0.000 0.000 0.000 0.000 0.008 0.086 0.443 0.882 0.984 1.000 1.000 1.000 1.000 1.000
NTR+1A0001_002 1.000 1.000 1.000 1.000 1.000 0.992 0.914 0.557 0.118 0.016 0.000 0.000 0.000 0.000 0.000
LYS01A0001_001 0.000 0.000 0.000 0.000 0.000 0.000 0.000 0.005 0.032 0.230 0.732 0.959 0.995 0.999 1.000
LYS+1A0001_002 1.000 1.000 1.000 1.000 1.000 1.000 1.000 0.995 0.968 0.770 0.268 0.041 0.005 0.001 0.000
VAL01A0002_001 1.000 1.000 1.000 1.000 1.000 1.000 1.000 1.000 1.000 1.000 1.000 1.000 1.000 1.000 1.000
PHE01A0003_001 1.000 1.000 1.000 1.000 1.000 1.000 1.000 1.000 1.000 1.000 1.000 1.000 1.000 1.000 1.000
ARG01A0005_001 0.000 0.000 0.000 0.000 0.000 0.000 0.000 0.000 0.000 0.000 0.007 0.043 0.221 0.617 0.876
ARG02A0005_002 0.000 0.000 0.000 0.000 0.000 0.000 0.000 0.000 0.000 0.000 0.000 0.000 0.002 0.006 0.007
ARG02A0005_003 0.000 0.000 0.000 0.000 0.000 0.000 0.000 0.000 0.000 0.000 0.000 0.000 0.001 0.003 0.005
ARG03A0005_004 0.000 0.000 0.000 0.000 0.000 0.000 0.000 0.000 0.000 0.000 0.000 0.002 0.011 0.036 0.049
ARG+1A0005_005 1.000 1.000 1.000 1.000 1.000 1.000 1.000 1.000 1.000 1.000 0.993 0.955 0.765 0.337 0.063
CYD01A0006_001 1.000 1.000 1.000 1.000 1.000 1.000 1.000 1.000 1.000 1.000 1.000 1.000 1.000 1.000 1.000
GLU01A0007_001 0.000 0.000 0.000 0.000 0.000 0.000 0.000 0.000 0.000 0.000 0.000 0.000 0.000 0.000 0.000
GLU01A0007_002 0.061 0.062 0.057 0.044 0.014 0.002 0.000 0.000 0.000 0.000 0.000 0.000 0.000 0.000 0.000
GLU02A0007_003 0.775 0.774 0.748 0.581 0.205 0.026 0.003 0.000 0.000 0.000 0.000 0.000 0.000 0.000 0.000
GLU02A0007_004 0.164 0.160 0.157 0.121 0.038 0.006 0.001 0.000 0.000 0.000 0.000 0.000 0.000 0.000 0.000
GLU-1A0007_005 0.000 0.005 0.037 0.254 0.743 0.966 0.996 1.000 1.000 1.000 1.000 1.000 1.000 1.000 1.000
LEU01A0008_001 1.000 1.000 1.000 1.000 1.000 1.000 1.000 1.000 1.000 1.000 1.000 1.000 1.000 1.000 1.000
ALA01A0009_001 1.000 1.000 1.000 1.000 1.000 1.000 1.000 1.000 1.000 1.000 1.000 1.000 1.000 1.000 1.000
ALA01A0010_001 1.000 1.000 1.000 1.000 1.000 1.000 1.000 1.000 1.000 1.000 1.000 1.000 1.000 1.000 1.000
ALA01A0011_001 1.000 1.000 1.000 1.000 1.000 1.000 1.000 1.000 1.000 1.000 1.000 1.000 1.000 1.000 1.000
MET01A0012_001 1.000 1.000 1.000 1.000 1.000 1.000 1.000 1.000 1.000 1.000 1.000 1.000 1.000 1.000 1.000
LYS01A0013_001 0.000 0.000 0.000 0.000 0.000 0.000 0.000 0.000 0.000 0.005 0.042 0.265 0.750 0.956 0.994
LYS+1A0013_002 1.000 1.000 1.000 1.000 1.000 1.000 1.000 1.000 1.000 0.995 0.958 0.735 0.250 0.044 0.006
ARG01A0014_001 0.000 0.000 0.000 0.000 0.000 0.000 0.000 0.000 0.000 0.000 0.000 0.012 0.078 0.320 0.549
ARG02A0014_002 0.000 0.000 0.000 0.000 0.000 0.000 0.000 0.000 0.000 0.000 0.000 0.004 0.024 0.091 0.152
ARG03A0014_003 0.000 0.000 0.000 0.000 0.000 0.000 0.000 0.000 0.000 0.000 0.000 0.004 0.027 0.110 0.198
ARG+1A0014_004 1.000 1.000 1.000 1.000 1.000 1.000 1.000 1.000 1.000 1.000 1.000 0.980 0.871 0.480 0.102
HIS01A0015_001 0.000 0.000 0.000 0.000 0.000 0.001 0.019 0.050 0.061 0.066 0.057 0.049 0.042 0.031 0.020
HIS01A0015_002 0.000 0.000 0.000 0.000 0.001 0.008 0.053 0.156 0.184 0.196 0.189 0.159 0.131 0.101 0.074
HIS02A0015_003 0.000 0.000 0.000 0.000 0.004 0.029 0.176 0.528 0.656 0.671 0.685 0.725 0.761 0.805 0.854
HIS02A0015_004 0.000 0.000 0.000 0.000 0.000 0.002 0.019 0.055 0.069 0.067 0.068 0.067 0.066 0.063 0.052
HIS+1A0015_005 0.945 0.942 0.941 0.937 0.931 0.901 0.692 0.198 0.028 0.000 0.001 0.000 0.000 0.000 0.000
HIS+1A0015_006 0.055 0.058 0.059 0.063 0.064 0.058 0.042 0.013 0.001 0.000 0.000 0.000 0.000 0.000 0.000
LEU01A0017_001 1.000 1.000 1.000 1.000 1.000 1.000 1.000 1.000 1.000 1.000 1.000 1.000 1.000 1.000 1.000
ASP01A0018_001 0.000 0.000 0.000 0.000 0.000 0.000 0.000 0.000 0.000 0.000 0.000 0.000 0.000 0.000 0.000
ASP01A0018_002 0.143 0.139 0.103 0.034 0.005 0.000 0.000 0.000 0.000 0.000 0.000 0.000 0.000 0.000 0.000
ASP02A0018_003 0.629 0.600 0.452 0.152 0.027 0.003 0.000 0.000 0.000 0.000 0.000 0.000 0.000 0.000 0.000
ASP02A0018_004 0.224 0.221 0.166 0.056 0.009 0.001 0.000 0.000 0.000 0.000 0.000 0.000 0.000 0.000 0.000
ASP-1A0018_005 0.004 0.040 0.279 0.758 0.959 0.996 1.000 1.000 1.000 1.000 1.000 1.000 1.000 1.000 1.000
ASN01A0019_001 1.000 1.000 1.000 1.000 1.000 1.000 1.000 1.000 1.000 1.000 1.000 1.000 1.000 1.000 1.000
TYR01A0020_001 0.362 0.359 0.362 0.370 0.363 0.358 0.353 0.356 0.347 0.340 0.297 0.251 0.199 0.167 0.081
TYR01A0020_002 0.638 0.641 0.638 0.630 0.637 0.642 0.647 0.644 0.653 0.659 0.695 0.718 0.731 0.602 0.314
TYR-1A0020_003 0.000 0.000 0.000 0.000 0.000 0.000 0.000 0.000 0.000 0.002 0.008 0.031 0.071 0.231 0.604
ARG01A0021_001 0.000 0.000 0.000 0.000 0.000 0.000 0.000 0.000 0.000 0.000 0.004 0.019 0.117 0.447 0.706
ARG02A0021_002 0.000 0.000 0.000 0.000 0.000 0.000 0.000 0.000 0.000 0.000 0.000 0.002 0.016 0.058 0.078
ARG03A0021_003 0.000 0.000 0.000 0.000 0.000 0.000 0.000 0.000 0.000 0.000 0.000 0.002 0.014 0.050 0.079
ARG+1A0021_004 1.000 1.000 1.000 1.000 1.000 1.000 1.000 1.000 1.000 1.000 0.996 0.977 0.852 0.445 0.137
TYR01A0023_001 1.000 1.000 1.000 1.000 1.000 1.000 1.000 1.000 0.989 0.929 0.665 0.226 0.045 0.010 0.002
TYR-1A0023_002 0.000 0.000 0.000 0.000 0.000 0.000 0.000 0.000 0.011 0.071 0.335 0.774 0.955 0.990 0.998
SER01A0024_001 0.154 0.154 0.152 0.136 0.141 0.137 0.143 0.151 0.151 0.154 0.170 0.189 0.196 0.207 0.214
SER01A0024_002 0.835 0.837 0.837 0.850 0.843 0.849 0.842 0.835 0.836 0.832 0.815 0.796 0.787 0.775 0.768
SER01A0024_003 0.011 0.009 0.011 0.014 0.015 0.014 0.015 0.014 0.013 0.014 0.015 0.015 0.017 0.018 0.017
LEU01A0025_001 1.000 1.000 1.000 1.000 1.000 1.000 1.000 1.000 1.000 1.000 1.000 1.000 1.000 1.000 1.000
ASN01A0027_001 0.723 0.729 0.734 0.761 0.754 0.758 0.747 0.735 0.730 0.733 0.710 0.696 0.697 0.679 0.673
ASN01A0027_002 0.277 0.271 0.266 0.239 0.246 0.242 0.253 0.265 0.270 0.267 0.290 0.304 0.303 0.321 0.327
TRP01A0028_001 1.000 1.000 1.000 1.000 1.000 1.000 1.000 1.000 1.000 1.000 1.000 1.000 1.000 1.000 1.000
VAL01A0029_001 1.000 1.000 1.000 1.000 1.000 1.000 1.000 1.000 1.000 1.000 1.000 1.000 1.000 1.000 1.000
CYD01A0030_001 1.000 1.000 1.000 1.000 1.000 1.000 1.000 1.000 1.000 1.000 1.000 1.000 1.000 1.000 1.000
ALA01A0031_001 1.000 1.000 1.000 1.000 1.000 1.000 1.000 1.000 1.000 1.000 1.000 1.000 1.000 1.000 1.000
ALA01A0032_001 1.000 1.000 1.000 1.000 1.000 1.000 1.000 1.000 1.000 1.000 1.000 1.000 1.000 1.000 1.000
LYS01A0033_001 0.000 0.000 0.000 0.000 0.000 0.000 0.000 0.000 0.000 0.026 0.201 0.689 0.940 0.989 1.000
LYS+1A0033_002 1.000 1.000 1.000 1.000 1.000 1.000 1.000 1.000 1.000 0.974 0.799 0.311 0.060 0.011 0.000
PHE01A0034_001 1.000 1.000 1.000 1.000 1.000 1.000 1.000 1.000 1.000 1.000 1.000 1.000 1.000 1.000 1.000
GLU01A0035_001 0.080 0.080 0.082 0.075 0.076 0.065 0.027 0.004 0.000 0.000 0.000 0.000 0.000 0.000 0.000
GLU01A0035_002 0.852 0.849 0.849 0.850 0.829 0.702 0.301 0.048 0.006 0.000 0.000 0.000 0.000 0.000 0.000
GLU02A0035_003 0.001 0.001 0.001 0.001 0.001 0.000 0.000 0.000 0.000 0.000 0.000 0.000 0.000 0.000 0.000
GLU02A0035_004 0.068 0.069 0.066 0.065 0.059 0.049 0.023 0.003 0.000 0.000 0.000 0.000 0.000 0.000 0.000
GLU-1A0035_005 0.000 0.000 0.002 0.009 0.036 0.185 0.649 0.944 0.994 1.000 1.000 1.000 1.000 1.000 1.000
SER01A0036_001 1.000 1.000 1.000 1.000 1.000 1.000 1.000 1.000 1.000 1.000 1.000 1.000 1.000 1.000 1.000
ASN01A0037_001 0.919 0.918 0.917 0.917 0.917 0.917 0.918 0.916 0.921 0.907 0.832 0.628 0.521 0.490 0.474
ASN01A0037_002 0.081 0.082 0.083 0.083 0.083 0.083 0.082 0.084 0.079 0.093 0.168 0.372 0.479 0.510 0.526
PHE01A0038_001 1.000 1.000 1.000 1.000 1.000 1.000 1.000 1.000 1.000 1.000 1.000 1.000 1.000 1.000 1.000
ASN01A0039_001 1.000 1.000 1.000 1.000 1.000 1.000 0.999 1.000 0.996 0.994 0.993 0.993 0.994 0.994 0.993
ASN01A0039_002 0.000 0.000 0.000 0.000 0.000 0.000 0.001 0.000 0.004 0.006 0.007 0.007 0.006 0.006 0.007
THR01A0040_001 0.000 0.000 0.000 0.000 0.000 0.001 0.007 0.038 0.072 0.081 0.082 0.088 0.084 0.085 0.086
THR01A0040_002 0.280 0.285 0.282 0.273 0.269 0.269 0.242 0.159 0.059 0.029 0.022 0.023 0.020 0.020 0.021
THR01A0040_003 0.720 0.715 0.718 0.727 0.731 0.730 0.751 0.803 0.868 0.890 0.896 0.889 0.896 0.895 0.893
GLN01A0041_001 0.353 0.355 0.363 0.368 0.374 0.366 0.375 0.380 0.391 0.394 0.396 0.389 0.394 0.389 0.391
GLN01A0041_002 0.647 0.645 0.637 0.632 0.626 0.634 0.625 0.620 0.609 0.606 0.604 0.611 0.606 0.611 0.609
ALA01A0042_001 1.000 1.000 1.000 1.000 1.000 1.000 1.000 1.000 1.000 1.000 1.000 1.000 1.000 1.000 1.000
THR01A0043_001 0.856 0.880 0.938 0.956 0.959 0.958 0.960 0.959 0.959 0.959 0.957 0.949 0.917 0.892 0.875
THR01A0043_002 0.144 0.120 0.062 0.044 0.041 0.042 0.040 0.041 0.041 0.041 0.043 0.051 0.083 0.108 0.125
ASN01A0044_001 0.187 0.211 0.310 0.538 0.868 0.966 0.992 0.993 0.993 0.993 0.993 0.994 0.994 0.995 0.996
ASN01A0044_002 0.813 0.789 0.690 0.462 0.132 0.034 0.008 0.007 0.007 0.007 0.007 0.006 0.006 0.005 0.004
ARG01A0045_001 0.000 0.000 0.000 0.000 0.000 0.000 0.000 0.000 0.000 0.000 0.012 0.107 0.399 0.600 0.658
ARG02A0045_002 0.000 0.000 0.000 0.000 0.000 0.000 0.000 0.000 0.000 0.000 0.000 0.005 0.020 0.033 0.062
ARG03A0045_003 0.000 0.000 0.000 0.000 0.000 0.000 0.000 0.000 0.000 0.000 0.000 0.013 0.056 0.080 0.133
ARG+1A0045_004 1.000 1.000 1.000 1.000 1.000 1.000 1.000 1.000 1.000 1.000 0.988 0.875 0.524 0.287 0.147
ASN01A0046_001 0.041 0.058 0.126 0.316 0.597 0.682 0.710 0.704 0.707 0.705 0.711 0.708 0.717 0.718 0.721
ASN01A0046_002 0.503 0.489 0.434 0.304 0.091 0.029 0.012 0.010 0.011 0.011 0.011 0.010 0.009 0.008 0.006
ASN01A0046_003 0.434 0.422 0.372 0.243 0.075 0.027 0.012 0.012 0.012 0.013 0.012 0.012 0.011 0.009 0.007
ASN01A0046_004 0.022 0.031 0.068 0.137 0.237 0.263 0.266 0.273 0.269 0.270 0.266 0.270 0.263 0.265 0.266
THR01A0047_001 1.000 1.000 1.000 1.000 1.000 1.000 1.000 1.000 1.000 1.000 1.000 1.000 1.000 1.000 1.000
ASP01A0048_001 0.000 0.000 0.000 0.000 0.000 0.000 0.000 0.000 0.000 0.000 0.000 0.000 0.000 0.000 0.000
ASP01A0048_002 0.149 0.109 0.052 0.000 0.000 0.000 0.000 0.000 0.000 0.000 0.000 0.000 0.000 0.000 0.000
ASP01A0048_003 0.007 0.006 0.000 0.000 0.000 0.000 0.000 0.000 0.000 0.000 0.000 0.000 0.000 0.000 0.000
ASP01A0048_004 0.007 0.006 0.002 0.000 0.000 0.000 0.000 0.000 0.000 0.000 0.000 0.000 0.000 0.000 0.000
ASP02A0048_005 0.778 0.665 0.287 0.046 0.005 0.000 0.000 0.000 0.000 0.000 0.000 0.000 0.000 0.000 0.000
ASP02A0048_006 0.000 0.000 0.000 0.000 0.000 0.000 0.000 0.000 0.000 0.000 0.000 0.000 0.000 0.000 0.000
ASP02A0048_007 0.033 0.031 0.014 0.002 0.000 0.000 0.000 0.000 0.000 0.000 0.000 0.000 0.000 0.000 0.000
ASP02A0048_008 0.001 0.000 0.000 0.000 0.000 0.000 0.000 0.000 0.000 0.000 0.000 0.000 0.000 0.000 0.000
ASP-1A0048_009 0.022 0.162 0.575 0.854 0.894 0.908 0.906 0.906 0.905 0.905 0.904 0.902 0.907 0.907 0.914
ASP-1A0048_010 0.003 0.022 0.071 0.097 0.101 0.092 0.094 0.094 0.095 0.095 0.096 0.098 0.093 0.093 0.086
SER01A0050_001 0.953 0.962 0.985 0.997 0.998 0.999 1.000 1.000 1.000 1.000 0.998 1.000 0.998 1.000 1.000
SER01A0050_002 0.017 0.014 0.005 0.000 0.000 0.000 0.000 0.000 0.000 0.000 0.000 0.000 0.000 0.000 0.000
SER01A0050_003 0.030 0.024 0.009 0.003 0.002 0.001 0.000 0.000 0.000 0.000 0.002 0.000 0.002 0.000 0.000
THR01A0051_001 0.238 0.220 0.220 0.210 0.221 0.223 0.226 0.221 0.221 0.236 0.241 0.237 0.251 0.267 0.231
THR01A0051_002 0.659 0.678 0.686 0.707 0.689 0.679 0.684 0.687 0.689 0.685 0.672 0.666 0.652 0.630 0.606
THR01A0051_003 0.103 0.101 0.095 0.084 0.091 0.098 0.090 0.091 0.091 0.078 0.087 0.097 0.097 0.103 0.163
ASP01A0052_001 0.004 0.005 0.005 0.004 0.001 0.000 0.000 0.000 0.000 0.000 0.000 0.000 0.000 0.000 0.000
ASP01A0052_002 0.021 0.020 0.018 0.015 0.005 0.001 0.000 0.000 0.000 0.000 0.000 0.000 0.000 0.000 0.000
ASP01A0052_003 0.068 0.068 0.067 0.049 0.011 0.002 0.000 0.000 0.000 0.000 0.000 0.000 0.000 0.000 0.000
ASP01A0052_004 0.031 0.031 0.027 0.020 0.005 0.000 0.000 0.000 0.000 0.000 0.000 0.000 0.000 0.000 0.000
ASP02A0052_005 0.535 0.511 0.422 0.279 0.080 0.017 0.000 0.000 0.000 0.000 0.000 0.000 0.000 0.000 0.000
ASP02A0052_006 0.016 0.022 0.030 0.027 0.008 0.000 0.001 0.000 0.000 0.000 0.000 0.000 0.000 0.000 0.000
ASP02A0052_007 0.311 0.327 0.354 0.249 0.065 0.014 0.000 0.000 0.000 0.000 0.000 0.000 0.000 0.000 0.000
ASP02A0052_008 0.013 0.016 0.022 0.021 0.006 0.001 0.000 0.000 0.000 0.000 0.000 0.000 0.000 0.000 0.000
ASP-1A0052_009 0.000 0.000 0.050 0.307 0.744 0.883 0.912 0.914 0.913 0.915 0.914 0.916 0.918 0.917 0.917
ASP-1A0052_010 0.000 0.000 0.005 0.029 0.075 0.082 0.087 0.086 0.087 0.085 0.086 0.084 0.082 0.083 0.083
TYR01A0053_001 0.899 0.644 0.176 0.019 0.000 0.000 0.000 0.000 0.000 0.000 0.000 0.000 0.000 0.000 0.000
TYR01A0053_002 0.101 0.356 0.824 0.981 1.000 1.000 1.000 1.000 1.000 1.000 1.000 1.000 1.000 1.000 1.000
TYR-1A0053_003 0.000 0.000 0.000 0.000 0.000 0.000 0.000 0.000 0.000 0.000 0.000 0.000 0.000 0.000 0.000
ILE01A0055_001 1.000 1.000 1.000 1.000 1.000 1.000 1.000 1.000 1.000 1.000 1.000 1.000 1.000 1.000 1.000
LEU01A0056_001 1.000 1.000 1.000 1.000 1.000 1.000 1.000 1.000 1.000 1.000 1.000 1.000 1.000 1.000 1.000
GLN01A0057_001 0.996 0.996 0.996 0.996 0.995 0.995 0.994 0.996 0.996 0.996 0.996 0.997 0.996 0.997 0.997
GLN01A0057_002 0.004 0.004 0.004 0.004 0.005 0.005 0.006 0.004 0.004 0.004 0.004 0.003 0.004 0.003 0.003
ILE01A0058_001 1.000 1.000 1.000 1.000 1.000 1.000 1.000 1.000 1.000 1.000 1.000 1.000 1.000 1.000 1.000
ASN01A0059_001 0.977 0.983 0.989 0.992 1.000 1.000 1.000 0.999 1.000 1.000 1.000 1.000 1.000 1.000 1.000
ASN01A0059_002 0.000 0.000 0.001 0.000 0.000 0.000 0.000 0.000 0.000 0.000 0.000 0.000 0.000 0.000 0.000
ASN01A0059_003 0.023 0.017 0.010 0.007 0.000 0.000 0.000 0.001 0.000 0.000 0.000 0.000 0.000 0.000 0.000
ASN01A0059_004 0.000 0.000 0.000 0.001 0.000 0.000 0.000 0.000 0.000 0.000 0.000 0.000 0.000 0.000 0.000
SER01A0060_001 0.003 0.001 0.000 0.000 0.000 0.000 0.000 0.000 0.000 0.000 0.000 0.000 0.000 0.000 0.000
SER01A0060_002 0.329 0.213 0.059 0.004 0.002 0.003 0.000 0.003 0.003 0.000 0.000 0.003 0.002 0.003 0.002
SER01A0060_003 0.302 0.247 0.105 0.051 0.040 0.041 0.043 0.043 0.042 0.041 0.043 0.041 0.041 0.041 0.046
SER01A0060_004 0.291 0.401 0.573 0.626 0.639 0.651 0.643 0.638 0.639 0.642 0.638 0.644 0.641 0.649 0.638
SER01A0060_005 0.055 0.039 0.014 0.004 0.002 0.003 0.003 0.003 0.000 0.003 0.003 0.003 0.003 0.003 0.003
SER01A0060_006 0.020 0.099 0.250 0.315 0.317 0.302 0.310 0.313 0.316 0.314 0.316 0.309 0.313 0.304 0.312
ARG01A0061_001 0.000 0.000 0.000 0.000 0.000 0.000 0.000 0.000 0.000 0.000 0.000 0.000 0.032 0.148 0.444
ARG02A0061_002 0.000 0.000 0.000 0.000 0.000 0.000 0.000 0.000 0.000 0.000 0.000 0.000 0.009 0.045 0.136
ARG03A0061_003 0.000 0.000 0.000 0.000 0.000 0.000 0.000 0.000 0.000 0.000 0.000 0.000 0.005 0.026 0.078
ARG03A0061_004 0.000 0.000 0.000 0.000 0.000 0.000 0.000 0.000 0.000 0.000 0.000 0.000 0.000 0.004 0.012
ARG+1A0061_005 1.000 1.000 1.000 1.000 1.000 1.000 1.000 1.000 1.000 1.000 1.000 1.000 0.954 0.777 0.330
TRP01A0062_001 1.000 1.000 1.000 1.000 1.000 1.000 1.000 1.000 1.000 1.000 1.000 1.000 1.000 1.000 1.000
TRP01A0063_001 1.000 1.000 1.000 1.000 1.000 1.000 1.000 1.000 1.000 1.000 1.000 1.000 1.000 1.000 1.000
CYD01A0064_001 1.000 1.000 1.000 1.000 1.000 1.000 1.000 1.000 1.000 1.000 1.000 1.000 1.000 1.000 1.000
ASN01A0065_001 0.808 0.749 0.642 0.593 0.594 0.585 0.578 0.576 0.581 0.575 0.580 0.568 0.557 0.529 0.493
ASN01A0065_002 0.192 0.251 0.358 0.407 0.406 0.415 0.422 0.424 0.419 0.425 0.420 0.432 0.443 0.471 0.507
ASP01A0066_001 0.000 0.000 0.000 0.000 0.000 0.000 0.000 0.000 0.000 0.000 0.000 0.000 0.000 0.000 0.000
ASP01A0066_002 0.000 0.002 0.000 0.000 0.000 0.000 0.000 0.000 0.000 0.000 0.000 0.000 0.000 0.000 0.000
ASP01A0066_003 0.442 0.311 0.089 0.010 0.000 0.000 0.000 0.000 0.000 0.000 0.000 0.000 0.000 0.000 0.000
ASP01A0066_004 0.012 0.000 0.000 0.000 0.000 0.000 0.000 0.000 0.000 0.000 0.000 0.000 0.000 0.000 0.000
ASP01A0066_005 0.000 0.000 0.000 0.000 0.000 0.000 0.000 0.000 0.000 0.000 0.000 0.000 0.000 0.000 0.000
ASP01A0066_006 0.023 0.016 0.005 0.000 0.000 0.000 0.000 0.000 0.000 0.000 0.000 0.000 0.000 0.000 0.000
ASP02A0066_007 0.446 0.325 0.085 0.009 0.000 0.000 0.000 0.000 0.000 0.000 0.000 0.000 0.000 0.000 0.000
ASP02A0066_008 0.000 0.000 0.000 0.000 0.000 0.000 0.000 0.000 0.000 0.000 0.000 0.000 0.000 0.000 0.000
ASP02A0066_009 0.000 0.000 0.000 0.000 0.000 0.000 0.000 0.000 0.000 0.000 0.000 0.000 0.000 0.000 0.000
ASP02A0066_010 0.019 0.014 0.005 0.000 0.000 0.000 0.000 0.000 0.000 0.000 0.000 0.000 0.000 0.000 0.000
ASP02A0066_011 0.000 0.000 0.000 0.000 0.000 0.000 0.000 0.000 0.000 0.000 0.000 0.000 0.000 0.000 0.000
ASP02A0066_012 0.000 0.005 0.000 0.000 0.000 0.000 0.000 0.000 0.000 0.000 0.000 0.000 0.000 0.000 0.000
ASP-1A0066_013 0.032 0.191 0.456 0.556 0.563 0.568 0.557 0.555 0.558 0.559 0.558 0.565 0.556 0.562 0.554
ASP-1A0066_014 0.000 0.000 0.015 0.018 0.019 0.017 0.019 0.021 0.018 0.020 0.020 0.015 0.018 0.015 0.015
ASP-1A0066_015 0.025 0.137 0.346 0.408 0.418 0.415 0.424 0.423 0.424 0.421 0.422 0.420 0.427 0.423 0.431
ARG01A0068_001 0.000 0.000 0.000 0.000 0.000 0.000 0.000 0.000 0.000 0.000 0.000 0.003 0.015 0.042 0.152
ARG02A0068_002 0.000 0.000 0.000 0.000 0.000 0.000 0.000 0.000 0.000 0.000 0.000 0.005 0.020 0.032 0.051
ARG02A0068_003 0.000 0.000 0.000 0.000 0.000 0.000 0.000 0.000 0.000 0.000 0.000 0.000 0.013 0.046 0.179
ARG03A0068_004 0.000 0.000 0.000 0.000 0.000 0.000 0.000 0.000 0.000 0.000 0.000 0.034 0.128 0.203 0.214
ARG03A0068_005 0.000 0.000 0.000 0.000 0.000 0.000 0.000 0.000 0.000 0.000 0.000 0.000 0.003 0.011 0.042
ARG+1A0068_006 1.000 1.000 1.000 1.000 1.000 1.000 1.000 1.000 1.000 1.000 1.000 0.958 0.821 0.667 0.363
THR01A0069_001 0.315 0.231 0.085 0.039 0.034 0.033 0.035 0.035 0.035 0.033 0.031 0.034 0.036 0.034 0.043
THR01A0069_002 0.673 0.761 0.911 0.958 0.963 0.967 0.962 0.961 0.965 0.964 0.965 0.966 0.961 0.962 0.953
THR01A0069_003 0.012 0.009 0.004 0.003 0.003 0.000 0.003 0.003 0.000 0.003 0.004 0.000 0.003 0.003 0.004
PRO01A0070_001 1.000 1.000 1.000 1.000 1.000 1.000 1.000 1.000 1.000 1.000 1.000 1.000 1.000 1.000 1.000
SER01A0072_001 0.291 0.262 0.225 0.223 0.210 0.219 0.220 0.216 0.221 0.226 0.216 0.219 0.220 0.223 0.229
SER01A0072_002 0.052 0.064 0.089 0.105 0.107 0.110 0.112 0.118 0.116 0.116 0.123 0.125 0.135 0.150 0.172
SER01A0072_003 0.019 0.031 0.053 0.064 0.071 0.069 0.075 0.073 0.069 0.072 0.072 0.075 0.080 0.088 0.111
SER01A0072_004 0.638 0.644 0.633 0.608 0.612 0.602 0.592 0.593 0.593 0.586 0.590 0.580 0.565 0.539 0.489
ARG01A0073_001 0.000 0.000 0.000 0.000 0.000 0.000 0.000 0.000 0.000 0.000 0.002 0.022 0.159 0.451 0.587
ARG02A0073_002 0.000 0.000 0.000 0.000 0.000 0.000 0.000 0.000 0.000 0.000 0.000 0.004 0.037 0.101 0.139
ARG03A0073_003 0.000 0.000 0.000 0.000 0.000 0.000 0.000 0.000 0.000 0.000 0.001 0.008 0.055 0.169 0.222
ARG+1A0073_004 1.000 1.000 1.000 1.000 1.000 1.000 1.000 1.000 1.000 1.000 0.997 0.966 0.748 0.279 0.052
ASN01A0074_001 1.000 1.000 1.000 1.000 1.000 1.000 1.000 0.999 0.999 1.000 1.000 0.999 1.000 1.000 0.998
ASN01A0074_002 0.000 0.000 0.000 0.000 0.000 0.000 0.000 0.001 0.001 0.000 0.000 0.001 0.000 0.000 0.002
LEU01A0075_001 1.000 1.000 1.000 1.000 1.000 1.000 1.000 1.000 1.000 1.000 1.000 1.000 1.000 1.000 1.000
CYD01A0076_001 1.000 1.000 1.000 1.000 1.000 1.000 1.000 1.000 1.000 1.000 1.000 1.000 1.000 1.000 1.000
ASN01A0077_001 1.000 1.000 1.000 1.000 1.000 1.000 1.000 1.000 1.000 1.000 1.000 1.000 1.000 1.000 1.000
ILE01A0078_001 1.000 1.000 1.000 1.000 1.000 1.000 1.000 1.000 1.000 1.000 1.000 1.000 1.000 1.000 1.000
PRO01A0079_001 1.000 1.000 1.000 1.000 1.000 1.000 1.000 1.000 1.000 1.000 1.000 1.000 1.000 1.000 1.000
CYD01A0080_001 1.000 1.000 1.000 1.000 1.000 1.000 1.000 1.000 1.000 1.000 1.000 1.000 1.000 1.000 1.000
SER01A0081_001 1.000 1.000 1.000 1.000 1.000 1.000 1.000 1.000 1.000 1.000 1.000 1.000 1.000 1.000 1.000
ALA01A0082_001 1.000 1.000 1.000 1.000 1.000 1.000 1.000 1.000 1.000 1.000 1.000 1.000 1.000 1.000 1.000
LEU01A0083_001 1.000 1.000 1.000 1.000 1.000 1.000 1.000 1.000 1.000 1.000 1.000 1.000 1.000 1.000 1.000
LEU01A0084_001 1.000 1.000 1.000 1.000 1.000 1.000 1.000 1.000 1.000 1.000 1.000 1.000 1.000 1.000 1.000
SER01A0085_001 0.012 0.012 0.011 0.008 0.007 0.008 0.007 0.008 0.006 0.007 0.006 0.007 0.006 0.007 0.007
SER01A0085_002 0.852 0.858 0.867 0.879 0.894 0.888 0.896 0.915 0.923 0.930 0.934 0.933 0.938 0.941 0.943
SER01A0085_003 0.136 0.130 0.122 0.113 0.099 0.105 0.097 0.077 0.071 0.063 0.060 0.060 0.055 0.053 0.050
SER01A0086_001 0.008 0.008 0.009 0.010 0.009 0.009 0.016 0.044 0.076 0.091 0.098 0.103 0.105 0.105 0.105
SER01A0086_002 0.992 0.992 0.991 0.990 0.991 0.991 0.984 0.956 0.924 0.909 0.902 0.897 0.895 0.895 0.895
ASP01A0087_001 0.041 0.039 0.027 0.008 0.000 0.000 0.000 0.000 0.000 0.000 0.000 0.000 0.000 0.000 0.000
ASP01A0087_002 0.033 0.031 0.021 0.006 0.000 0.000 0.000 0.000 0.000 0.000 0.000 0.000 0.000 0.000 0.000
ASP02A0087_003 0.808 0.776 0.548 0.152 0.019 0.000 0.000 0.000 0.000 0.000 0.000 0.000 0.000 0.000 0.000
ASP02A0087_004 0.113 0.105 0.072 0.022 0.000 0.000 0.000 0.000 0.000 0.000 0.000 0.000 0.000 0.000 0.000
ASP-1A0087_005 0.005 0.048 0.331 0.812 0.981 1.000 1.000 1.000 1.000 1.000 1.000 1.000 1.000 1.000 1.000
ILE01A0088_001 1.000 1.000 1.000 1.000 1.000 1.000 1.000 1.000 1.000 1.000 1.000 1.000 1.000 1.000 1.000
THR01A0089_001 0.000 0.000 0.000 0.000 0.003 0.026 0.155 0.467 0.581 0.586 0.601 0.647 0.676 0.711 0.748
THR01A0089_002 0.011 0.014 0.033 0.073 0.086 0.091 0.103 0.129 0.138 0.140 0.144 0.140 0.140 0.145 0.143
THR01A0089_003 0.989 0.986 0.967 0.927 0.910 0.883 0.742 0.404 0.281 0.273 0.255 0.213 0.184 0.144 0.109
ALA01A0090_001 1.000 1.000 1.000 1.000 1.000 1.000 1.000 1.000 1.000 1.000 1.000 1.000 1.000 1.000 1.000
SER01A0091_001 0.042 0.041 0.038 0.035 0.043 0.047 0.053 0.048 0.047 0.047 0.046 0.051 0.048 0.050 0.055
SER01A0091_002 0.846 0.846 0.861 0.871 0.849 0.841 0.820 0.815 0.819 0.813 0.808 0.782 0.795 0.781 0.759
SER01A0091_003 0.075 0.074 0.063 0.061 0.068 0.073 0.081 0.090 0.089 0.090 0.097 0.113 0.108 0.117 0.132
SER01A0091_004 0.011 0.014 0.013 0.012 0.014 0.014 0.015 0.015 0.014 0.015 0.014 0.016 0.016 0.017 0.018
SER01A0091_005 0.025 0.025 0.025 0.021 0.026 0.026 0.031 0.031 0.031 0.034 0.035 0.039 0.033 0.036 0.037
VAL01A0092_001 1.000 1.000 1.000 1.000 1.000 1.000 1.000 1.000 1.000 1.000 1.000 1.000 1.000 1.000 1.000
ASN01A0093_001 0.931 0.931 0.932 0.934 0.931 0.925 0.914 0.877 0.861 0.854 0.808 0.708 0.632 0.593 0.552
ASN01A0093_002 0.069 0.069 0.068 0.066 0.069 0.075 0.086 0.123 0.139 0.146 0.192 0.292 0.368 0.407 0.448
CYD01A0094_001 1.000 1.000 1.000 1.000 1.000 1.000 1.000 1.000 1.000 1.000 1.000 1.000 1.000 1.000 1.000
ALA01A0095_001 1.000 1.000 1.000 1.000 1.000 1.000 1.000 1.000 1.000 1.000 1.000 1.000 1.000 1.000 1.000
LYS01A0096_001 0.000 0.000 0.000 0.000 0.000 0.000 0.000 0.000 0.004 0.034 0.222 0.631 0.900 0.974 0.994
LYS+1A0096_002 1.000 1.000 1.000 1.000 1.000 1.000 1.000 1.000 0.996 0.966 0.778 0.369 0.100 0.026 0.006
LYS01A0097_001 0.000 0.000 0.000 0.000 0.000 0.000 0.000 0.000 0.002 0.019 0.145 0.543 0.897 0.984 0.998
LYS+1A0097_002 1.000 1.000 1.000 1.000 1.000 1.000 1.000 1.000 0.998 0.981 0.855 0.457 0.103 0.016 0.002
ILE01A0098_001 1.000 1.000 1.000 1.000 1.000 1.000 1.000 1.000 1.000 1.000 1.000 1.000 1.000 1.000 1.000
VAL01A0099_001 1.000 1.000 1.000 1.000 1.000 1.000 1.000 1.000 1.000 1.000 1.000 1.000 1.000 1.000 1.000
SER01A0100_001 0.223 0.220 0.221 0.219 0.217 0.211 0.210 0.210 0.214 0.205 0.214 0.194 0.188 0.168 0.100
SER01A0100_002 0.247 0.241 0.246 0.253 0.254 0.256 0.258 0.263 0.255 0.256 0.232 0.231 0.229 0.364 0.651
SER01A0100_003 0.531 0.539 0.532 0.528 0.529 0.533 0.532 0.527 0.531 0.539 0.555 0.576 0.583 0.468 0.249
ASP01A0101_001 0.317 0.318 0.318 0.309 0.257 0.096 0.014 0.001 0.000 0.000 0.000 0.000 0.000 0.000 0.000
ASP01A0101_002 0.322 0.313 0.315 0.308 0.246 0.095 0.014 0.001 0.000 0.000 0.000 0.000 0.000 0.000 0.000
ASP02A0101_003 0.082 0.088 0.085 0.087 0.075 0.028 0.004 0.000 0.000 0.000 0.000 0.000 0.000 0.000 0.000
ASP02A0101_004 0.279 0.280 0.279 0.270 0.226 0.084 0.013 0.001 0.000 0.000 0.000 0.000 0.000 0.000 0.000
ASP-1A0101_005 0.000 0.000 0.003 0.025 0.196 0.698 0.954 0.997 1.000 1.000 1.000 1.000 1.000 1.000 1.000
ASN01A0103_001 0.928 0.924 0.927 0.929 0.938 0.962 0.973 0.975 0.977 0.975 0.977 0.980 0.979 0.981 0.981
ASN01A0103_002 0.072 0.076 0.073 0.071 0.062 0.038 0.027 0.025 0.023 0.025 0.023 0.020 0.021 0.019 0.019
MET01A0105_001 1.000 1.000 1.000 1.000 1.000 1.000 1.000 1.000 1.000 1.000 1.000 1.000 1.000 1.000 1.000
ASN01A0106_001 0.016 0.014 0.015 0.016 0.015 0.016 0.018 0.018 0.020 0.029 0.056 0.082 0.192 0.368 0.436
ASN01A0106_002 0.984 0.986 0.985 0.984 0.985 0.984 0.982 0.982 0.980 0.971 0.944 0.918 0.808 0.632 0.564
ALA01A0107_001 1.000 1.000 1.000 1.000 1.000 1.000 1.000 1.000 1.000 1.000 1.000 1.000 1.000 1.000 1.000
TRP01A0108_001 1.000 1.000 1.000 1.000 1.000 1.000 1.000 1.000 1.000 1.000 1.000 1.000 1.000 1.000 1.000
VAL01A0109_001 1.000 1.000 1.000 1.000 1.000 1.000 1.000 1.000 1.000 1.000 1.000 1.000 1.000 1.000 1.000
ALA01A0110_001 1.000 1.000 1.000 1.000 1.000 1.000 1.000 1.000 1.000 1.000 1.000 1.000 1.000 1.000 1.000
TRP01A0111_001 1.000 1.000 1.000 1.000 1.000 1.000 1.000 1.000 1.000 1.000 1.000 1.000 1.000 1.000 1.000
ARG01A0112_001 0.000 0.000 0.000 0.000 0.000 0.000 0.000 0.000 0.000 0.000 0.003 0.017 0.087 0.193 0.222
ARG02A0112_002 0.000 0.000 0.000 0.000 0.000 0.000 0.000 0.000 0.000 0.000 0.004 0.027 0.145 0.352 0.435
ARG03A0112_003 0.000 0.000 0.000 0.000 0.000 0.000 0.000 0.000 0.000 0.000 0.000 0.015 0.085 0.202 0.255
ARG03A0112_004 0.000 0.000 0.000 0.000 0.000 0.000 0.000 0.000 0.000 0.000 0.000 0.004 0.019 0.044 0.055
ARG+1A0112_005 1.000 1.000 1.000 1.000 1.000 1.000 1.000 1.000 1.000 1.000 0.993 0.937 0.664 0.209 0.032
ASN01A0113_001 0.506 0.511 0.520 0.536 0.557 0.569 0.594 0.616 0.617 0.611 0.578 0.551 0.518 0.473 0.480
ASN01A0113_002 0.494 0.489 0.480 0.464 0.443 0.431 0.406 0.384 0.383 0.389 0.422 0.449 0.482 0.527 0.520
ARG01A0114_001 0.000 0.000 0.000 0.000 0.000 0.000 0.000 0.000 0.000 0.000 0.002 0.011 0.075 0.336 0.641
ARG02A0114_002 0.000 0.000 0.000 0.000 0.000 0.000 0.000 0.000 0.000 0.000 0.000 0.001 0.010 0.041 0.081
ARG03A0114_003 0.000 0.000 0.000 0.000 0.000 0.000 0.000 0.000 0.000 0.000 0.000 0.002 0.017 0.083 0.160
ARG+1A0114_004 1.000 1.000 1.000 1.000 1.000 1.000 1.000 1.000 1.000 1.000 0.998 0.986 0.899 0.540 0.119
CYD01A0115_001 1.000 1.000 1.000 1.000 1.000 1.000 1.000 1.000 1.000 1.000 1.000 1.000 1.000 1.000 1.000
LYS01A0116_001 0.000 0.000 0.000 0.000 0.000 0.000 0.000 0.003 0.031 0.227 0.709 0.946 0.991 0.998 1.000
LYS+1A0116_002 1.000 1.000 1.000 1.000 1.000 1.000 1.000 0.997 0.969 0.773 0.291 0.054 0.009 0.002 0.000
THR01A0118_001 0.875 0.876 0.875 0.874 0.875 0.874 0.876 0.875 0.873 0.876 0.882 0.886 0.886 0.880 0.870
THR01A0118_002 0.125 0.124 0.125 0.126 0.125 0.126 0.124 0.125 0.127 0.124 0.118 0.114 0.114 0.120 0.130
ASP01A0119_001 0.015 0.014 0.014 0.015 0.005 0.001 0.000 0.000 0.000 0.000 0.000 0.000 0.000 0.000 0.000
ASP01A0119_002 0.021 0.021 0.020 0.019 0.007 0.001 0.000 0.000 0.000 0.000 0.000 0.000 0.000 0.000 0.000
ASP02A0119_003 0.962 0.962 0.939 0.789 0.325 0.046 0.005 0.001 0.000 0.000 0.000 0.000 0.000 0.000 0.000
ASP02A0119_004 0.002 0.000 0.003 0.000 0.000 0.000 0.000 0.000 0.000 0.000 0.000 0.000 0.000 0.000 0.000
ASP-1A0119_005 0.000 0.002 0.024 0.177 0.662 0.952 0.995 0.999 1.000 1.000 1.000 1.000 1.000 1.000 1.000
VAL01A0120_001 1.000 1.000 1.000 1.000 1.000 1.000 1.000 1.000 1.000 1.000 1.000 1.000 1.000 1.000 1.000
GLN01A0121_001 0.099 0.102 0.107 0.104 0.105 0.095 0.095 0.098 0.097 0.100 0.094 0.109 0.172 0.310 0.391
GLN01A0121_002 0.901 0.898 0.893 0.896 0.895 0.905 0.905 0.902 0.903 0.900 0.906 0.891 0.828 0.690 0.609
ALA01A0122_001 1.000 1.000 1.000 1.000 1.000 1.000 1.000 1.000 1.000 1.000 1.000 1.000 1.000 1.000 1.000
TRP01A0123_001 1.000 1.000 1.000 1.000 1.000 1.000 1.000 1.000 1.000 1.000 1.000 1.000 1.000 1.000 1.000
ILE01A0124_001 1.000 1.000 1.000 1.000 1.000 1.000 1.000 1.000 1.000 1.000 1.000 1.000 1.000 1.000 1.000
ARG01A0125_001 0.000 0.000 0.000 0.000 0.000 0.000 0.000 0.000 0.000 0.000 0.003 0.024 0.159 0.466 0.624
ARG02A0125_002 0.000 0.000 0.000 0.000 0.000 0.000 0.000 0.000 0.000 0.000 0.000 0.003 0.020 0.056 0.075
ARG03A0125_003 0.000 0.000 0.000 0.000 0.000 0.000 0.000 0.000 0.000 0.000 0.000 0.000 0.006 0.018 0.024
ARG03A0125_004 0.000 0.000 0.000 0.000 0.000 0.000 0.000 0.000 0.000 0.000 0.000 0.009 0.056 0.159 0.228
ARG+1A0125_005 1.000 1.000 1.000 1.000 1.000 1.000 1.000 1.000 1.000 1.000 0.997 0.963 0.759 0.301 0.048
CYD01A0127_001 1.000 1.000 1.000 1.000 1.000 1.000 1.000 1.000 1.000 1.000 1.000 1.000 1.000 1.000 1.000
ARG01A0128_001 0.000 0.000 0.000 0.000 0.000 0.000 0.000 0.000 0.000 0.000 0.000 0.004 0.044 0.219 0.461
ARG02A0128_002 0.000 0.000 0.000 0.000 0.000 0.000 0.000 0.000 0.000 0.000 0.000 0.002 0.021 0.109 0.218
ARG03A0128_003 0.000 0.000 0.000 0.000 0.000 0.000 0.000 0.000 0.000 0.000 0.000 0.002 0.015 0.084 0.175
ARG+1A0128_004 1.000 1.000 1.000 1.000 1.000 1.000 1.000 1.000 1.000 1.000 1.000 0.992 0.919 0.587 0.146
LEU01A0129_001 1.000 1.000 1.000 1.000 1.000 1.000 1.000 1.000 1.000 1.000 1.000 1.000 1.000 1.000 1.000
CTR01A0129_001 0.069 0.069 0.063 0.040 0.010 0.000 0.000 0.000 0.000 0.000 0.000 0.000 0.000 0.000 0.000
CTR01A0129_002 0.396 0.389 0.354 0.224 0.052 0.007 0.000 0.000 0.000 0.000 0.000 0.000 0.000 0.000 0.000
CTR02A0129_003 0.429 0.425 0.394 0.241 0.058 0.000 0.001 0.000 0.000 0.000 0.000 0.000 0.000 0.000 0.000
CTR02A0129_004 0.104 0.105 0.094 0.058 0.013 0.000 0.000 0.000 0.000 0.000 0.000 0.000 0.000 0.000 0.000
CTR-1A0129_005 0.001 0.013 0.095 0.436 0.867 0.993 0.999 1.000 1.000 1.000 1.000 1.000 1.000 1.000 1.000
HOH01A1001_001 0.330 0.339 0.332 0.329 0.363 0.374 0.397 0.393 0.378 0.382 0.377 0.381 0.376 0.388 0.402
HOH01A1001_002 0.667 0.656 0.664 0.667 0.633 0.622 0.598 0.602 0.622 0.614 0.618 0.615 0.620 0.612 0.593
HOHDMA1001_003 0.004 0.005 0.004 0.004 0.004 0.004 0.005 0.004 0.000 0.005 0.005 0.004 0.004 0.000 0.005
HOH01A1002_001 0.350 0.268 0.112 0.059 0.049 0.048 0.048 0.054 0.045 0.052 0.051 0.045 0.036 0.029 0.022
HOH01A1002_002 0.032 0.025 0.012 0.006 0.004 0.000 0.004 0.005 0.005 0.004 0.004 0.004 0.004 0.004 0.003
HOH01A1002_003 0.055 0.038 0.012 0.000 0.002 0.001 0.000 0.002 0.001 0.001 0.001 0.000 0.000 0.001 0.000
HOH01A1002_004 0.205 0.286 0.419 0.480 0.473 0.460 0.464 0.459 0.461 0.458 0.447 0.460 0.456 0.425 0.436
HOH01A1002_005 0.053 0.034 0.010 0.002 0.001 0.001 0.000 0.000 0.000 0.001 0.001 0.001 0.002 0.001 0.000
HOH01A1002_006 0.125 0.152 0.195 0.213 0.213 0.219 0.221 0.220 0.226 0.221 0.220 0.207 0.212 0.225 0.210
HOH01A1002_007 0.065 0.073 0.097 0.101 0.112 0.119 0.114 0.110 0.115 0.109 0.117 0.123 0.130 0.135 0.146
HOH01A1002_008 0.069 0.082 0.115 0.120 0.122 0.129 0.130 0.126 0.123 0.132 0.132 0.132 0.137 0.148 0.148
HOH01A1002_009 0.015 0.010 0.005 0.000 0.004 0.000 0.000 0.004 0.004 0.000 0.003 0.005 0.000 0.005 0.005
HOH01A1002_010 0.031 0.030 0.022 0.019 0.020 0.022 0.020 0.021 0.019 0.020 0.022 0.022 0.024 0.026 0.029
HOHDMA1002_011 0.002 0.001 0.000 0.000 0.000 0.000 0.000 0.000 0.000 0.000 0.000 0.000 0.000 0.000 0.000
HOH01A1003_001 0.326 0.215 0.061 0.000 0.004 0.004 0.000 0.005 0.005 0.004 0.004 0.005 0.004 0.004 0.003
HOH01A1003_002 0.043 0.057 0.079 0.091 0.092 0.086 0.086 0.087 0.085 0.087 0.089 0.090 0.087 0.086 0.096
HOH01A1003_003 0.265 0.299 0.312 0.330 0.321 0.323 0.324 0.320 0.328 0.328 0.325 0.319 0.326 0.309 0.304
HOH01A1003_004 0.366 0.429 0.547 0.579 0.582 0.587 0.590 0.588 0.583 0.581 0.582 0.586 0.583 0.601 0.597
HOHDMA1003_005 0.000 0.000 0.000 0.000 0.000 0.000 0.000 0.000 0.000 0.000 0.000 0.000 0.000 0.000 0.000
HOH01A1004_001 0.010 0.009 0.007 0.008 0.009 0.012 0.012 0.009 0.007 0.007 0.006 0.006 0.007 0.006 0.007
HOH01A1004_002 0.000 0.000 0.000 0.000 0.000 0.000 0.000 0.000 0.000 0.000 0.000 0.000 0.000 0.000 0.000
HOH01A1004_003 0.013 0.013 0.012 0.015 0.014 0.012 0.012 0.013 0.011 0.010 0.010 0.012 0.012 0.010 0.012
HOH01A1004_004 0.000 0.002 0.001 0.001 0.000 0.000 0.000 0.000 0.002 0.000 0.000 0.002 0.000 0.000 0.000
HOH01A1004_005 0.023 0.020 0.017 0.018 0.017 0.021 0.023 0.018 0.014 0.018 0.014 0.013 0.014 0.014 0.013
HOH01A1004_006 0.314 0.311 0.309 0.316 0.318 0.312 0.321 0.303 0.296 0.300 0.298 0.302 0.302 0.302 0.299
HOH01A1004_007 0.251 0.248 0.253 0.250 0.248 0.248 0.249 0.259 0.258 0.252 0.258 0.251 0.255 0.253 0.258
HOH01A1004_008 0.213 0.221 0.216 0.217 0.214 0.214 0.208 0.220 0.225 0.226 0.226 0.221 0.220 0.219 0.215
HOH01A1004_009 0.173 0.173 0.182 0.174 0.181 0.179 0.173 0.178 0.186 0.183 0.190 0.193 0.190 0.196 0.196
HOH01A1004_010 0.003 0.002 0.001 0.001 0.000 0.002 0.002 0.000 0.001 0.002 0.000 0.000 0.000 0.000 0.000
HOHDMA1004_011 0.000 0.000 0.000 0.000 0.001 0.000 0.000 0.000 0.000 0.000 0.000 0.000 0.000 0.000 0.000
HOH01A1007_001 0.000 0.000 0.000 0.000 0.000 0.000 0.000 0.000 0.000 0.000 0.000 0.000 0.000 0.000 0.000
HOH01A1007_002 0.010 0.011 0.000 0.007 0.008 0.000 0.000 0.000 0.003 0.000 0.000 0.005 0.000 0.000 0.000
HOH01A1007_003 0.001 0.000 0.001 0.001 0.000 0.000 0.000 0.000 0.000 0.000 0.000 0.001 0.000 0.000 0.000
HOH01A1007_004 0.015 0.014 0.014 0.000 0.011 0.016 0.021 0.019 0.018 0.020 0.020 0.023 0.023 0.026 0.027
HOH01A1007_005 0.013 0.015 0.015 0.012 0.014 0.015 0.018 0.018 0.019 0.021 0.022 0.025 0.026 0.023 0.032
HOH01A1007_006 0.000 0.000 0.000 0.000 0.000 0.000 0.000 0.000 0.000 0.000 0.000 0.000 0.001 0.000 0.000
HOH01A1007_007 0.013 0.012 0.012 0.013 0.014 0.013 0.016 0.018 0.018 0.018 0.018 0.021 0.022 0.024 0.025
HOH01A1007_008 0.000 0.000 0.000 0.000 0.000 0.000 0.000 0.000 0.001 0.000 0.000 0.000 0.000 0.000 0.000
HOH01A1007_009 0.192 0.198 0.193 0.192 0.192 0.193 0.187 0.183 0.175 0.181 0.178 0.179 0.175 0.168 0.166
HOH01A1007_010 0.418 0.405 0.424 0.425 0.412 0.407 0.398 0.407 0.408 0.410 0.399 0.395 0.392 0.397 0.386
HOH01A1007_011 0.106 0.106 0.106 0.111 0.111 0.113 0.115 0.116 0.115 0.109 0.109 0.111 0.111 0.113 0.108
HOH01A1007_012 0.233 0.238 0.235 0.239 0.238 0.243 0.244 0.239 0.242 0.242 0.254 0.240 0.249 0.249 0.258
HOHDMA1007_013 0.000 0.000 0.000 0.000 0.000 0.000 0.000 0.000 0.000 0.000 0.000 0.000 0.000 0.000 0.000
HOH01A1008_001 0.000 0.000 0.000 0.000 0.000 0.000 0.000 0.000 0.000 0.000 0.000 0.000 0.000 0.000 0.000
HOH01A1008_002 0.000 0.000 0.000 0.000 0.000 0.000 0.000 0.000 0.000 0.000 0.000 0.000 0.000 0.000 0.000
HOH01A1008_003 0.000 0.000 0.000 0.000 0.000 0.000 0.000 0.000 0.000 0.000 0.000 0.000 0.000 0.000 0.000
HOH01A1008_004 0.082 0.075 0.068 0.066 0.064 0.067 0.065 0.067 0.061 0.063 0.064 0.062 0.062 0.062 0.063
HOH01A1008_005 0.246 0.245 0.225 0.213 0.218 0.213 0.216 0.212 0.219 0.215 0.211 0.210 0.206 0.209 0.196
HOH01A1008_006 0.445 0.439 0.431 0.420 0.412 0.407 0.402 0.398 0.405 0.406 0.397 0.398 0.390 0.368 0.342
HOH01A1008_007 0.120 0.119 0.113 0.111 0.111 0.115 0.111 0.114 0.111 0.110 0.113 0.110 0.107 0.105 0.099
HOH01A1008_008 0.107 0.122 0.162 0.189 0.196 0.199 0.207 0.210 0.204 0.207 0.215 0.220 0.236 0.256 0.299
HOHDMA1008_009 0.000 0.000 0.000 0.000 0.000 0.000 0.000 0.000 0.000 0.000 0.000 0.000 0.000 0.000 0.000
HOH01A1015_001 0.000 0.000 0.000 0.000 0.000 0.000 0.000 0.000 0.000 0.000 0.000 0.000 0.000 0.000 0.000
HOH01A1015_002 0.000 0.000 0.000 0.000 0.000 0.000 0.000 0.000 0.000 0.000 0.000 0.000 0.000 0.000 0.000
HOH01A1015_003 0.000 0.000 0.000 0.000 0.000 0.000 0.000 0.000 0.000 0.000 0.000 0.000 0.000 0.000 0.000
HOH01A1015_004 0.000 0.000 0.000 0.000 0.000 0.000 0.000 0.000 0.000 0.000 0.000 0.000 0.000 0.000 0.000
HOH01A1015_005 0.000 0.000 0.000 0.000 0.000 0.000 0.000 0.000 0.000 0.000 0.000 0.000 0.000 0.000 0.000
HOH01A1015_006 0.000 0.000 0.000 0.000 0.000 0.000 0.000 0.000 0.000 0.000 0.000 0.000 0.000 0.000 0.000
HOH01A1015_007 0.000 0.000 0.000 0.000 0.000 0.000 0.000 0.000 0.000 0.000 0.000 0.000 0.000 0.000 0.000
HOH01A1015_008 0.000 0.001 0.000 0.000 0.000 0.000 0.000 0.000 0.000 0.000 0.000 0.000 0.000 0.000 0.000
HOH01A1015_009 0.000 0.000 0.000 0.001 0.000 0.000 0.000 0.000 0.000 0.000 0.000 0.000 0.000 0.000 0.000
HOH01A1015_010 0.010 0.008 0.000 0.000 0.000 0.009 0.008 0.000 0.000 0.004 0.000 0.000 0.000 0.000 0.000
HOH01A1015_011 0.003 0.003 0.000 0.002 0.003 0.000 0.000 0.000 0.000 0.000 0.000 0.000 0.000 0.000 0.000
HOH01A1015_012 0.006 0.006 0.000 0.005 0.005 0.000 0.001 0.000 0.000 0.000 0.000 0.004 0.000 0.000 0.000
HOH01A1015_013 0.003 0.002 0.000 0.002 0.002 0.000 0.000 0.000 0.002 0.000 0.000 0.002 0.000 0.000 0.000
HOH01A1015_014 0.977 0.979 0.997 0.990 0.990 0.991 0.991 1.000 0.996 0.994 1.000 0.994 1.000 0.998 1.000
HOHDMA1015_015 0.000 0.001 0.002 0.000 0.000 0.000 0.000 0.000 0.002 0.001 0.000 0.000 0.000 0.002 0.000
HOH01A1016_001 0.191 0.187 0.193 0.190 0.200 0.201 0.203 0.196 0.176 0.168 0.170 0.177 0.165 0.170 0.167
HOH01A1016_002 0.422 0.420 0.421 0.435 0.431 0.428 0.472 0.577 0.707 0.754 0.761 0.750 0.768 0.760 0.767
HOH01A1016_003 0.387 0.390 0.384 0.372 0.369 0.369 0.324 0.224 0.111 0.071 0.063 0.066 0.060 0.063 0.060
HOHDMA1016_004 0.000 0.002 0.002 0.002 0.000 0.002 0.002 0.004 0.006 0.007 0.006 0.007 0.007 0.007 0.006
HOH01A1073_001 0.022 0.022 0.024 0.022 0.025 0.022 0.021 0.024 0.021 0.025 0.024 0.024 0.018 0.014 0.010
HOH01A1073_002 0.000 0.000 0.000 0.000 0.000 0.000 0.000 0.000 0.000 0.000 0.000 0.000 0.000 0.005 0.025
HOH01A1073_003 0.025 0.032 0.041 0.045 0.046 0.049 0.046 0.048 0.047 0.049 0.047 0.045 0.027 0.014 0.013
HOH01A1073_004 0.019 0.017 0.010 0.009 0.009 0.009 0.008 0.008 0.007 0.008 0.008 0.010 0.015 0.023 0.042
HOH01A1073_005 0.027 0.026 0.029 0.029 0.030 0.029 0.028 0.029 0.028 0.029 0.031 0.025 0.019 0.013 0.012
HOH01A1073_006 0.000 0.000 0.000 0.000 0.000 0.000 0.000 0.000 0.000 0.000 0.000 0.027 0.092 0.133 0.115
HOH01A1073_007 0.071 0.074 0.097 0.102 0.106 0.105 0.100 0.106 0.098 0.103 0.111 0.090 0.062 0.042 0.029
HOH01A1073_008 0.089 0.085 0.066 0.056 0.055 0.067 0.057 0.058 0.056 0.047 0.051 0.053 0.024 0.009 0.014
HOH01A1073_009 0.130 0.107 0.071 0.066 0.065 0.064 0.060 0.060 0.062 0.059 0.059 0.082 0.123 0.150 0.158
HOH01A1073_010 0.000 0.000 0.000 0.000 0.000 0.000 0.000 0.000 0.000 0.000 0.000 0.001 0.000 0.009 0.014
HOH01A1073_011 0.000 0.000 0.000 0.000 0.000 0.000 0.000 0.000 0.000 0.000 0.000 0.000 0.016 0.030 0.038
HOH01A1073_012 0.563 0.577 0.587 0.596 0.581 0.574 0.601 0.582 0.599 0.599 0.578 0.511 0.355 0.228 0.203
HOH01A1073_013 0.000 0.000 0.000 0.000 0.000 0.000 0.000 0.000 0.000 0.000 0.000 0.000 0.000 0.000 0.000
HOH01A1073_014 0.018 0.020 0.023 0.024 0.027 0.026 0.026 0.029 0.027 0.028 0.033 0.081 0.216 0.316 0.307
HOH01A1073_015 0.032 0.036 0.046 0.046 0.052 0.051 0.049 0.051 0.049 0.050 0.053 0.045 0.028 0.014 0.020
HOHDMA1073_016 0.005 0.004 0.005 0.005 0.005 0.005 0.005 0.005 0.006 0.005 0.005 0.004 0.003 0.001 0.000
